428086
428085
428083
428084
421749
421750
421751
421752
431368
431367
431365
431369
431370
431366
431363
431364
428562
428561
428825
428563
428564
428565
428566
430936
430941
430939
430940
430937
430938
428594
428586
428593
428592
428590
428589
428587
428588
428591
427544
427543
427542
423109
423114
423112
423113
423110
423111
423108
425345
425348
425349
425347
425346
425343
425344
424449
424451
424452
424447
424450
424448
419715
419717
419713
419714
419718
419716
419719
419720
413731
413728
413727
413730
413726
413729
414818
414817
414820
414816
414819
414821
414771
416770
416766
416768
416767
416769
416798
416795
416794
416792
416793
416796
416797
429064
429063
429071
429062
429067
429065
429070
429066
429068
429069
428847
428848
428850
428851
428849
435449
435455
435451
435452
435450
435454
435453
420908
420912
420904
420905
420907
420909
420911
420903
420906
420910
419726
419722
419723
419725
419721
419724
425154
425152
425151
425153
425149
425148
425150
416421
416426
416425
416419
416427
416429
416420
416424
416422
416423
416428
417117
417112
417113
417114
417115
417116
419001
418994
419000
418997
418996
418999
418995
418998
