434628
434629
434630
434626
434627
434631
434633
434632
434634
426620
426622
426621
426618
426617
426619
426623
426625
426624
426626
432206
432209
432207
432208
431554
431552
431557
431555
431556
431553
431558
427076
427077
427075
439476
431644
431646
431647
431648
431645
434622
434621
425243
425244
425245
425246
425242
425341
425339
425342
425340
426484
426483
426486
426481
426487
426482
426485
425336
425338
425334
425335
425337
424805
424804
431143
431144
431141
431139
431142
431145
431138
431146
431140
425502
425508
425510
425506
425505
425504
425503
425509
425507
431152
431150
431147
431148
431151
431149
432439
425359
425357
425360
425356
425361
425362
425358
