428084
428086
428085
428083
421751
421750
421749
421752
437880
437881
437882
437883
431368
431370
431365
431364
431369
431366
431363
431367
428566
428561
428563
428564
428565
428825
428562
430937
430939
430940
430936
430941
430938
436783
428586
428588
428590
428593
428587
428591
428594
428592
428589
427543
427542
427544
423110
423112
423113
423109
423114
423108
423111
425344
425347
425349
425345
425346
425348
425343
424447
424449
424451
424452
424450
424448
419715
419717
419719
419713
419720
419714
419718
419716
413730
413726
413731
413728
413727
413729
414818
414821
414816
414820
414817
414819
414771
416768
416770
416766
416767
416769
416792
416794
416797
416795
416796
416793
416798
429063
429067
429064
429068
429066
429070
429065
429071
429062
429069
428850
428847
428849
428851
428848
435450
435449
435452
435451
435454
435455
435453
420903
420907
420910
420911
420906
420912
420904
420908
420905
420909
419723
419725
419721
419726
419722
419724
425148
425149
425154
425152
425153
425151
425150
416426
416419
416423
416427
416422
416428
416420
416424
416429
416421
416425
417114
417116
417112
417117
417113
417115
418995
418999
419001
418994
418998
418997
418996
419000
