433951
433953
433949
433950
433952
433234
433236
433237
433238
433235
433450
433449
433452
433453
428710
428709
428712
428707
428708
428711
432136
432138
432143
432141
432139
432145
432140
432144
432137
432142
432148
432147
432149
432146
427016
427019
427012
427017
427013
427020
427011
427014
427021
427015
427018
427252
427250
427251
427253
427826
427827
433627
433632
433630
433634
433637
433640
433628
433638
433633
433639
433629
433635
433631
433636
426821
426823
426824
426820
426822
424382
424384
424380
424381
424383
424386
424385
427811
424278
424276
424277
421962
421967
421966
421963
421964
421965
424761
424763
424766
424768
424764
424759
424760
424765
424767
424762
424772
424770
424771
424773
424774
424775
421208
421213
421210
421215
421211
421212
421209
421214
423059
423054
423057
423055
423060
423056
423053
423058
432062
429084
429086
429085
429083
425572
423004
423007
423005
423006
423003
423008
430180
430182
430183
430184
430181
430880
430878
430881
430877
430879
432060
432061
428595
428597
428598
428596
425866
425870
425867
425868
425869
422275
422277
422273
422278
422279
422274
422276
425570
425571
419582
419579
419584
419580
419581
419583
428534
428536
428537
428533
428535
419665
419663
419666
419662
419664
