434938
434936
434935
434937
434939
434941
434940
426268
426269
426266
426267
426272
426270
426271
432021
432017
432015
432019
432020
432018
432016
430743
430744
430741
430740
430742
430739
430746
430745
426923
426925
426924
426926
426918
426921
426920
426917
426919
426922
431459
431460
431461
431457
431458
426235
426237
426233
426231
426238
426234
426232
426236
426167
426171
426168
426172
426165
426170
426169
426166
425098
425102
425103
425099
425100
425101
425248
425247
431860
431861
431864
431866
431863
431862
431865
431867
431859
425663
425660
425666
425661
425664
425665
425662
425667
425668
425659
431905
431907
431910
431906
431904
431908
431909
425677
425672
425678
425674
425676
425671
425669
425673
425675
425670
