427551
427554
427550
427553
427552
433349
433345
433348
435659
433346
433350
433347
433344
433787
433786
433788
433789
433713
433710
433714
433711
433716
433712
433715
419293
419294
419296
427502
427501
419295
420745
421003
420746
420744
421002
420747
420748
422023
422021
422022
422024
424598
424595
424597
424600
425553
424601
425554
424599
425552
424596
425555
419818
419821
419820
419819
418975
418972
418970
418973
418976
418974
418971
431917
431918
431919
431916
423373
423372
423376
423375
423374
419062
419064
419063
419061
