428086
428083
428085
428084
421752
421750
421751
421749
431365
431364
431368
431363
431370
431369
431366
431367
428566
428825
428562
428561
428565
428563
428564
430939
430940
430937
430941
430938
430936
428593
428594
428591
428588
428590
428587
428592
428589
428586
427544
427543
427542
423109
423114
423111
423108
423113
423112
423110
425343
425349
425344
425348
425347
425345
425346
424449
424450
424452
424451
424447
424448
419719
419713
419720
419717
419716
419714
419715
419718
413726
413731
413730
413727
413729
413728
414819
414818
414817
414820
414821
414816
414771
416769
416768
416766
416770
416767
416796
416798
416793
416797
416792
416794
416795
429069
429064
429062
429065
429063
429067
429071
429068
429066
429070
428849
428848
428850
428851
428847
435449
435452
435450
435454
435453
435455
435451
420904
420907
420910
420909
420911
420906
420912
420903
420908
420905
419725
419724
419723
419726
419721
419722
425149
425154
425152
425150
425151
425148
425153
416423
416422
416419
416421
416426
416420
416425
416427
416428
416424
416429
417112
417115
417116
417114
417117
417113
418996
418997
419000
418998
418994
419001
418999
418995
