434935
434936
434938
434937
434939
434941
434940
446568
446573
446574
446570
446567
446569
446572
446571
445193
445192
445195
445191
445188
445190
445194
445189
437228
437229
437231
437234
437235
437230
437232
437233
437367
437366
437368
432017
432018
432019
432020
432015
432016
432021
430739
430740
430741
430742
430743
430744
430745
430746
426917
426918
426920
426921
426922
426923
426924
426925
426926
426919
431457
431460
431461
431458
431459
434913
434914
443566
443570
443565
443569
443568
443567
431860
431859
431861
431865
431862
431863
431866
431864
431867
443577
443573
443572
443574
443575
443576
431904
431905
431906
431910
431907
431908
431909
