427550
427551
427554
427552
427553
433344
433345
433347
433346
433348
433350
433349
433788
433786
433789
433787
433710
433711
433712
433714
433715
433716
433713
419293
419296
427501
427502
420744
420745
420747
421002
420746
420748
421003
422021
422022
422024
422023
424595
424596
425552
424597
424598
424599
424600
424601
425553
425554
425555
419818
419819
419820
419821
418970
418971
418972
418973
418974
418976
418975
431916
431917
431918
431919
423372
423373
423376
423374
423375
419061
419062
419063
419064
