427550
427554
427552
427553
427551
433344
433347
433349
433345
433350
433346
433348
435659
433786
433789
433787
433788
433714
433713
433711
433715
433710
433716
433712
419294
419296
427501
427502
419293
419295
420748
421002
420744
421003
420745
420747
420746
422024
422021
422023
422022
424596
424600
424597
425553
424598
425554
424599
424595
425555
425552
424601
419819
419821
419818
419820
418973
418970
418976
418971
418975
418972
418974
431918
431916
431917
431919
423372
423374
423373
423376
423375
419063
419061
419062
419064
