428481
428482
428480
430724
430725
428372
428373
428371
428434
421612
421611
421610
421694
421693
421623
421622
421624
421743
414282
414284
414283
418796
418795
414578
414580
414579
417453
428477
428479
428478
430722
430723
436360
428508
428375
428374
428376
428433
428435
421614
421615
421613
421691
421692
422963
421626
421625
421627
421742
426752
421741
417440
417439
417441
418794
418793
418296
417432
417431
417430
417454
417455
417456
428324
428326
428325
428323
432814
432813
432815
432812
432816
432830
432828
432829
430731
430733
428285
428284
428287
428282
428283
430732
428286
428301
428300
428302
428552
428553
428550
428551
428549
428558
428560
428559
428428
428366
428367
428365
428368
428370
428369
428507
428506
428281
428280
428423
428424
428422
428512
428511
428526
428527
428426
428425
428427
421580
421581
421583
421582
425579
425577
425580
425581
425578
425583
425584
425582
421638
426811
421637
421634
426812
426810
421639
421636
421635
421633
421632
421631
421684
421686
421687
421685
421683
421589
421590
421591
422729
421567
421569
421568
421571
421572
421570
421573
421574
421733
421732
421674
421673
421672
424951
424952
424949
424950
421677
421676
421675
418981
418982
414100
414099
414148
414149
414147
414150
414146
414151
419418
419419
419420
414136
414135
414133
414137
414134
414059
414060
414061
415253
414213
414211
414212
419397
419396
419398
414140
414141
414138
414139
416244
416243
416242
416324
416325
416326
428277
428278
428279
428487
428485
428488
428483
428484
428486
428546
428547
428327
428329
428328
428509
428548
428510
428379
428377
428378
428494
428495
428496
421585
421584
421586
421616
421620
421621
421617
421618
421619
421670
421671
422967
421703
422966
421701
421702
422964
422738
422842
421630
421628
421629
421587
421588
414126
414127
414125
414288
414290
414286
414289
414287
414285
414094
414095
414102
414123
414103
414124
414101
418297
413545
413615
414581
414582
414583
414215
414214
428556
428555
428554
428557
428272
428274
428276
428275
428273
428271
428544
428543
428541
428542
428545
428270
431700
428489
428430
428431
428429
428267
428268
428269
428539
428538
428540
428744
428421
428420
423793
423792
423794
423789
423791
423790
421698
421696
421695
421700
421697
421699
421664
421665
421668
421669
421667
427001
427686
419703
423733
423732
423731
421559
421558
421557
421652
421653
427010
419764
419765
414359
414358
414360
414362
414361
414357
414090
418544
414088
414093
414089
414091
418545
414092
414145
414143
414144
414098
414097
414096
414086
414087
414142
