35755
35733
35780
35746
34649
34651
34628
34621
33899
33664
33906
33648
35756
35732
35766
35767
35779
35745
35747
34648
34650
34660
34661
34627
34620
34888
33898
33663
33882
33883
33904
33647
33649
33662
35753
35916
35919
35721
35742
35750
35711
35768
35717
35718
35722
35713
35736
35754
34635
34860
34861
34590
34641
34636
34653
34611
34594
34595
34637
34622
34592
34596
34593
33656
33652
34226
33696
33655
33660
33637
34221
33705
33651
33636
33639
35737
35757
35741
35714
35740
35765
35778
35774
34589
34647
34632
34652
34633
34718
34626
34659
33834
33900
33828
33859
33831
33835
33905
33821
35758
35743
35738
35744
35785
35775
35716
35739
35749
35734
34767
34591
34631
35368
34266
34760
34646
34634
35362
34265
33833
33829
33680
33830
33825
33690
