428481
428480
428482
430724
430725
428373
428372
428371
428434
421611
421610
421612
421693
421694
421623
421624
421622
421743
414282
414283
414284
418796
418795
414579
414578
414580
417453
428479
428477
428478
430722
430723
436360
428508
428376
428374
428375
428433
428435
421614
421615
421613
421691
421692
422963
421627
421625
421626
421742
426752
421741
417440
417439
417441
418793
418794
418296
417431
417432
417430
417454
417455
417456
428325
428323
428326
428324
432814
432816
432812
432813
432815
432829
432828
432830
428283
428287
430732
428286
428285
430731
428282
430733
428284
428301
428300
428302
428549
428553
428550
428551
428552
428558
428560
428559
428428
428367
428366
428365
428370
428369
428368
428507
428506
428281
428280
428423
428424
428422
428512
428511
428527
428526
428426
428425
428427
421582
421580
421583
421581
425581
425579
425580
425578
425577
425583
425584
425582
421636
426811
421638
426812
421639
421635
426810
421637
421634
421632
421631
421633
421683
421687
421686
421684
421685
421589
421590
421591
422729
421569
421567
421568
421572
421570
421571
421574
421573
421733
421732
421673
421672
421674
424952
424951
424950
424949
421676
421675
421677
418982
414100
414099
418981
414148
414151
414146
414149
414147
414150
419420
419419
419418
414136
414133
414135
414137
414134
414060
414061
414059
415253
414211
414212
414213
419396
419397
419398
414140
414141
414138
414139
416242
416243
416244
416326
416324
416325
428278
428277
428279
428484
428486
428483
428488
428485
428487
428546
428547
428327
428329
428328
428509
428548
428510
428378
428377
428379
428494
428496
428495
421586
421585
421584
421616
421621
421617
421619
421618
421620
421670
421671
421703
421701
422966
422967
421702
422964
422738
422842
421629
421628
421630
421587
421588
414126
414127
414125
414287
414290
414285
414289
414286
414288
414094
414095
414103
414123
414101
414102
414124
418297
413545
413615
414581
414582
414583
414215
414214
428554
428555
428556
428557
428271
428275
428272
428273
428276
428274
428542
428543
428541
428544
428545
428270
431700
428489
428431
428430
428429
428269
428268
428267
428539
428538
428540
428744
428420
428421
423789
423794
423790
423791
423793
423792
421695
421699
421697
421698
421696
421700
421665
421667
421669
421664
421668
427001
427686
419703
423732
423733
423731
421557
421558
421559
421652
421653
427010
419764
419765
414358
414360
414362
414357
414361
414359
414092
414090
418545
414091
414088
414093
414089
418544
414144
414145
414143
414097
414098
414096
414087
414086
414142
