428480
428481
428482
430724
430725
428372
428371
428373
428434
421611
421612
421610
421693
421694
421623
421622
421624
421743
414282
414283
414284
418795
418796
414580
414579
414578
417453
428478
428477
428479
430722
430723
436360
428508
428374
428376
428375
428433
428435
421615
421613
421614
421691
421692
422963
421626
421625
421627
421742
426752
421741
417440
417441
417439
418793
418794
418296
417431
417432
417430
417454
417455
417456
428323
428324
428325
428326
432814
432812
432813
432815
432816
432828
432830
432829
428286
428287
428285
428284
428283
428282
430733
430732
430731
428300
428302
428301
428549
428550
428552
428551
428553
428560
428558
428559
428428
428367
428366
428365
428369
428368
428370
428507
428506
428280
428281
428424
428423
428422
428512
428511
428527
428526
428426
428425
428427
421583
421582
421580
421581
425580
425581
425577
425578
425579
425584
425583
425582
421634
421635
421636
426811
426810
426812
421639
421638
421637
421632
421633
421631
421683
421684
421685
421686
421687
421589
421590
421591
422729
421567
421568
421569
421572
421571
421570
421574
421573
421733
421732
421674
421672
421673
424952
424951
424949
424950
421675
421677
421676
414100
414099
418982
418981
414146
414148
414147
414150
414149
414151
419420
419419
419418
414134
414133
414136
414137
414135
414059
414061
414060
415253
414212
414213
414211
419398
419396
419397
414140
414141
414139
414138
416244
416243
416242
416324
416326
416325
428279
428277
428278
428483
428485
428484
428487
428486
428488
428547
428546
428327
428328
428329
428509
428548
428510
428378
428377
428379
428496
428495
428494
421585
421586
421584
421616
421618
421617
421621
421620
421619
421671
421670
421701
421702
421703
422967
422966
422964
422738
422842
421629
421630
421628
421587
421588
414126
414127
414125
414285
414287
414286
414288
414289
414290
414095
414094
414103
414102
414101
414123
414124
418297
413545
413615
414583
414582
414581
414214
414215
428555
428554
428557
428556
428272
428273
428271
428275
428276
428274
428542
428541
428543
428544
428545
428270
431700
428489
428429
428431
428430
428268
428267
428269
428538
428540
428539
428744
428420
428421
423793
423789
423790
423792
423794
423791
421695
421696
421697
421700
421698
421699
421665
421664
421668
421667
421669
427001
427686
419703
423732
423731
423733
421559
421557
421558
421653
421652
427010
419764
419765
414361
414362
414360
414357
414358
414359
414089
414090
414088
414093
414092
414091
418544
418545
414143
414144
414145
414098
414097
414096
414087
414086
414142
