426266
426267
426269
426268
426270
426271
426272
418852
418851
418853
418854
418855
418856
418789
418788
418790
418791
430739
430740
430741
430742
430743
430744
430745
430746
426917
426918
426919
426920
426921
426922
426923
426924
426925
426926
431457
431458
431459
431460
431461
426231
426232
426233
426238
426234
426235
426236
426237
426165
426166
426167
426168
426169
426170
426171
426172
425098
425099
425103
425100
425101
425102
425247
425248
417002
417003
414891
414892
414893
414894
414895
414896
414897
414898
414899
414900
414901
416507
416508
416518
416509
416517
416510
416511
416516
416512
416515
416513
416514
416061
416062
416068
416063
416064
416065
416069
416066
416067
431859
431860
431861
431862
431863
431866
431864
431865
431867
425659
425660
425661
425668
425662
425663
425664
425665
425666
425667
416470
416471
416465
416466
416467
416472
416468
416469
416473
416474
431904
431905
431906
431907
431910
431908
431909
425669
425670
425671
425672
425678
425673
425674
425675
425676
425677
416481
416482
416475
416476
416477
416478
416479
416480
416483
416484
416752
416753
416754
416755
416757
416756
