419293
419296
427501
427502
420744
420745
421002
420747
420746
420748
421003
422021
422022
422024
422023
424595
424596
425552
424597
424598
424599
424600
424601
425553
425554
425555
419818
419819
419820
419821
418970
418971
418972
418973
418974
418976
418975
408785
408786
408788
408787
409745
409750
409748
409751
409746
409747
409749
408707
408709
408710
408708
409189
409190
409193
409191
409194
409192
411423
423372
423373
423376
423374
423375
419061
419062
419063
419064
411606
411607
411609
411608
