426617
426618
426620
426619
426621
426622
426623
426624
426625
426626
431552
431553
431554
431555
431556
431557
431558
427075
427076
427077
431644
431645
431646
431647
431648
425242
425243
425244
425245
425246
425339
425340
425341
425342
426481
426482
426483
426484
426486
426487
426485
425334
425335
425336
425337
425338
424804
424805
431138
431139
431140
431141
431142
431143
431144
431145
431146
425503
425502
425505
425504
425506
425507
425508
425509
425510
431148
431147
431149
431150
431151
431152
432439
425357
425356
425358
425359
425360
425361
425362
