428481
428482
428480
430724
430725
428371
428372
428373
428434
421611
421612
421610
421693
421694
421622
421623
421624
421743
414283
414284
414282
418795
418796
414579
414580
414578
417453
428479
428478
428477
430722
430723
436360
428508
428374
428375
428376
428433
428435
421614
421615
421613
421691
421692
422963
421625
421626
421627
421742
426752
421741
417441
417439
417440
418793
418794
418296
417430
417431
417432
417456
428323
428325
428324
428326
432813
432814
432812
432815
432816
432829
432828
432830
428286
428287
428285
428284
428283
428282
430732
430731
430733
428300
428301
428302
428550
428549
428553
428552
428551
428560
428558
428559
428428
428365
428366
428367
428369
428370
428368
428506
428507
428281
428280
428424
428423
428422
428512
428511
428527
428526
428425
428426
428427
421583
421582
421580
421581
425577
425580
425581
425578
425579
425583
425584
425582
421636
426812
426810
421635
421634
426811
421639
421637
421638
421633
421631
421632
421684
421683
421685
421687
421686
421590
421589
421591
422729
421567
421568
421569
421571
421572
421570
421574
421573
421733
421732
421674
421673
421672
424952
424951
424949
424950
421675
421676
421677
414100
418982
418981
414099
414147
414148
414146
414150
414151
414149
419419
419420
419418
414134
414135
414137
414133
414136
414060
414061
414059
415253
414211
414213
414212
419397
419398
419396
414141
414140
414139
414138
416243
416244
416242
416324
416326
416325
428277
428279
428278
428485
428483
428488
428487
428486
428484
428547
428546
428328
428329
428327
428509
428548
428510
428377
428378
428379
428494
428495
428496
421586
421585
421584
421617
421618
421616
421620
421621
421619
421671
421670
421701
421702
421703
422967
422966
422964
422738
422842
421628
421629
421630
421588
421587
414126
414127
414125
414287
414285
414289
414286
414288
414290
414095
414094
414101
414102
414103
414123
414124
418297
413545
413615
414581
414582
414583
414215
414214
428556
428555
428554
428557
428273
428272
428271
428274
428276
428275
428541
428542
428544
428543
428545
428270
431700
428489
428430
428431
428429
428267
428268
428269
428538
428540
428539
428744
428421
428420
423790
423793
423789
423792
423794
423791
421697
421696
421700
421695
421699
421698
421665
421667
421664
421669
421668
427001
427686
419703
423733
423731
423732
421557
421558
421559
421653
421652
427010
419765
419764
414361
414360
414362
414359
414358
414357
414088
414090
414089
414092
414091
414093
418544
418545
414143
414144
414145
414096
414097
414098
414087
414086
414142
