428084
428086
428085
428083
421752
421751
421750
421749
437880
437881
437882
437883
440080
438570
438572
438571
438574
438573
438578
431363
431365
431364
431366
431368
431369
431367
431370
428561
428562
428563
428566
428825
428564
428565
430937
430938
430936
430939
430940
430941
436783
428586
428587
428594
428592
428593
428588
428589
428590
428591
427543
427544
427542
423108
423112
423109
423113
423114
423111
423110
425343
425344
425346
425347
425345
425348
425349
424447
424448
424452
424449
424450
424451
419713
419714
419716
419715
419717
419720
419718
419719
429063
429062
429064
429065
429067
429070
429071
429066
429069
429068
428848
428850
428849
428847
428851
435449
435451
435453
435450
435452
435455
435454
420904
420907
420906
420910
420909
420911
420903
420912
420905
420908
419722
419723
419724
419725
419726
419721
425153
425148
425150
425149
425152
425151
425154		
438575
438576
438577