35645
36118
35624
35638
34460
34482
34463
34499
33502
34077
33518
33868
35644
36117
35653
35625
35637
35639
34461
34481
34680
34464
34497
35371
34500
33861
34076
34009
33862
33867
33869
33870
35616
37257
37259
35606
35610
35667
35669
35635
35622
35623
35652
35605
35633
35656
35660
35634
34454
35147
35148
34466
34467
34479
34457
34654
34451
34452
34453
34490
34476
35043
35042
34477
33476
33488
34218
33483
33468
33588
33495
34216
33485
33484
33719
33737
35604
35646
35665
35617
35654
35666
35655
35626
35649
34455
34462
34474
34484
34681
34658
34675
34465
34456
33481
33503
33474
33477
34010
33400
33406
33519
33496
35668
35603
35664
35602
36454
35647
35636
35601
35663
35687
35632
34819
34483
34473
35418
35519
34268
34814
34450
34470
35419
34267
33507
33473
33487
33475
33472
33486
