421751
421752
421750
421749
409971
409973
409972
423111
423109
423113
423108
423110
423112
423114
425345
425346
425343
425347
425344
425349
425348
424452
424448
424449
424451
424447
424450
419718
419717
419720
419716
419713
419714
419719
419715
413731
413728
413727
413730
413726
413729
414818
414817
414820
414816
414819
414821
414771
416770
416766
416768
416767
416769
416798
416795
416794
416792
416793
416796
416797
406685
406688
406687
406686
406689
406690
410958
410956
410954
410957
410955
410959
410619
410621
410620
410623
410622
409287
409283
409286
409281
409285
409284
409282
420903
420906
420909
420908
420911
420910
420912
420904
420905
420907
419726
419725
419722
419724
419723
419721
425148
425150
425151
425153
425152
425154
425149
416421
416426
416425
416419
416427
416429
416420
416424
416422
416423
416428
417117
417112
417113
417114
417115
417116
419001
418994
419000
418997
418996
418999
418995
418998
410948
410947
410944
410951
410949
410945
410942
410952
410946
410943
410950
409110
409113
409111
409112
409114
409115
410315
410318
410319
410314
410311
410320
410317
410313
410316
