434937
434936
434935
434938
434941
434939
434940
426268
426269
426267
426266
426271
426272
426270
418855
418854
418851
418856
418852
418853
418790
418791
418789
418788
432015
432019
432018
432017
432021
432016
432020
430742
430741
430740
430744
430745
430739
430746
430743
426919
426923
426922
426925
426920
426921
426926
426917
426924
426918
431461
431457
431460
431458
431459
426235
426237
426233
426232
426236
426231
426234
426238
426170
426167
426166
426168
426172
426171
426165
426169
425100
425103
425098
425102
425101
425099
425247
425248
417003
417002
414891
414893
414901
414899
414896
414900
414898
414892
414895
414897
414894
416508
416510
416515
416512
416517
416518
416516
416514
416507
416513
416511
416509
416064
416067
416061
416066
416069
416062
416063
416068
416065
431863
431861
431864
431866
431860
431865
431862
431867
431859
425666
425663
425668
425661
425665
425664
425659
425662
425667
425660
416465
416473
416470
416467
416471
416474
416466
416472
416469
416468
431909
431906
431904
431905
431910
431908
431907
425673
425678
425675
425671
425674
425670
425669
425676
425677
425672
416484
416478
416477
416479
416475
416482
416483
416476
416481
416480
416757
416752
416756
416755
416753
416754
