428086
428085
428083
428084
421751
421752
421750
421749
428563
428562
428825
428564
428561
428566
428565
427542
427544
427543
425345
425346
425343
425347
425344
425349
425348
424452
424448
424449
424451
424447
424450
413731
413728
413727
413730
413726
413729
414818
414817
414820
414816
414819
414821
414771
416770
416766
416768
416767
416769
416798
416795
416794
416792
416793
416796
416797
420903
420906
420909
420908
420911
420910
420912
420904
420905
420907
425148
425150
425151
425153
425152
425154
425149
416421
416426
416425
416419
416427
416429
416420
416424
416422
416423
416428
417117
417112
417113
417114
417115
417116
419001
418994
419000
418997
418996
418999
418995
418998
