428956
428955
428900
428901
429060
429061
428931
422719
422718
422722
422723
422587
422588
422524
417587
417588
415850
415848
415849
417611
417612
415690
428958
428957
428902
428903
436187
429041
429042
429059
429058
428930
428929
422716
422717
422720
422721
422740
422741
422586
422585
422523
424324
417585
417586
417584
415846
415845
415847
417538
417539
417607
417608
415689
415691
415835
428952
428949
428948
428950
428951
429779
429780
428883
428880
428881
428882
428884
428923
428924
428938
428940
428939
428941
428852
428853
429043
428876
428877
428878
428879
428885
428866
428912
428911
428953
428954
422671
422668
422669
422672
422670
424142
424143
424144
424145
424146
422385
426953
422383
422384
422483
422484
422704
422705
422685
422686
422687
422688
422684
422727
422728
422482
422394
422395
422396
422397
422689
422525
422390
422391
422398
422392
422393
415798
415799
415800
419010
419011
415695
415697
415696
415698
415699
419461
419462
416076
416077
416073
416074
416075
415796
415797
415828
415576
415577
419428
419429
416117
415694
415574
415575
415587
415588
428913
428915
428914
428961
428960
428959
428921
428922
428867
428868
428920
429040
429056
429057
429047
422380
422381
422382
422713
422714
422715
422664
422665
422724
422725
422726
422666
423189
422583
422584
422739
417099
417100
417101
417589
417590
417591
417076
417077
417388
417389
417625
417084
417111
417609
417610
417005
428962
428963
428964
428925
428926
428927
428916
428917
428918
428928
429081
429048
429049
429050
428875
428919
428937
428904
423406
423407
423405
422388
422386
422389
422387
422662
422663
422660
422661
426769
419702
423380
423378
423379
422711
422712
422667
426692
419744
417095
417096
417097
417098
417079
417080
417081
417540
417541
417078
415966
415965
415933
417082
417083
417019
415967
