427550
427551
427554
427552
427553
433344
433345
433346
433347
433348
433349
433350
433788
433786
433711
433712
433716
433713
433710
433714
433715
419293
419294
419295
419296
427501
427502
420744
420745
421002
420746
420748
421003
420747
422021
422022
422024
422023
424595
425552
424597
424598
424600
424601
425553
425554
425555
424596
424599
419818
419819
419821
419820
418970
418971
418973
418972
418975
418974
418976
431916
431917
431918
431919
423373
423374
423375
423372
423376
419061
419062
419063
419064
