428710
428712
428709
428708
428707
428711
427014
427020
427021
427015
427017
427011
427012
427018
427019
427016
427013
427253
427250
427251
427252
426823
426820
426822
426821
426824
424383
424380
424381
424382
424384
424385
427811
424386
424277
424276
424278
421966
421963
421965
421964
421967
421962
424768
424762
424764
424759
424767
424763
424761
424766
424765
424760
424774
424775
421213
421211
421212
421214
421208
421210
421215
421209
423054
423059
423057
423058
423053
423055
423060
423056
429084
429085
429083
429086
425572
423008
423003
423007
423005
423006
423004
428595
428597
428596
428598
425868
425870
425869
425867
425866
422273
422278
422274
422276
422277
422275
422279
425571
425570
419582
419580
419581
419579
419584
419583
428534
428536
428533
428537
428535
419666
419664
419663
419665
419662
