434626
434627
434628
434629
434630
434634
434632
434631
434633
426618
426617
426620
426619
426621
426622
426624
426626
426625
426623
445374
445371
445373
445376
445375
445372
445370
444169
444168
444170
438891
438894
438890
438893
438892
438888
438889
438887
432207
432209
432206
432208
431553
431554
431555
431557
431552
431556
431558
427076
427077
427075
439476
431644
431645
431646
431648
431647
425242
425243
425244
425245
425246
425339
425340
425341
425342
426482
426481
426483
426486
426487
426485
426484
425334
425336
425338
425335
425337
424804
424805
444925
444922
444921
444923
444924
444919
444918
431143
431142
431139
431144
431145
431138
431141
431146
431140
425503
425504
425506
425502
425507
425505
425508
425509
425510
444023
444022
444024
444026
444025
444021
431148
431147
431149
431151
431150
431152
432439
425357
425356
425359
425358
425362
425360
425361
