434937
434936
434935
434938
434941
434939
434940
426268
426269
426267
426266
426271
426272
426270
432015
432019
432018
432017
432021
432016
432020
430742
430741
430740
430744
430745
430739
430746
430743
426919
426923
426922
426925
426920
426921
426926
426917
426924
426918
431461
431457
431460
431458
431459
434914
434913
426235
426237
426233
426232
426236
426231
426234
426238
426170
426167
426166
426168
426172
426171
426165
426169
425100
425103
425098
425102
425101
425099
425247
425248
431863
431861
431864
431866
431860
431865
431862
431867
431859
425666
425663
425668
425661
425665
425664
425659
425662
425667
425660
431909
431906
431904
431905
431910
431908
431907
425673
425678
425675
425671
425674
425670
425669
425676
425677
425672
