426266
426267
426269
426268
426270
426272
426271
432015
432016
432017
432018
432019
432020
432021
430739
430740
430741
430742
430743
430744
430745
430746
426917
426918
426919
426920
426921
426922
426923
426924
426925
426926
431457
431458
431459
431460
431461
426231
426232
426233
426238
426234
426235
426236
426237
426165
426166
426167
426168
426169
426170
426171
426172
425098
425099
425103
425100
425101
425102
425247
425248
431859
431860
431861
431862
431863
431866
431864
431865
431867
425659
425660
425661
425668
425662
425663
425664
425665
425666
425667
431904
431905
431906
431907
431910
431908
431909
425669
425670
425671
425672
425678
425673
425674
425675
425676
425677
