426266
426268
426267
426269
426270
426271
426272
418855
418854
418851
418856
418852
418853
418790
418791
418789
418788
426917
426920
426921
426922
426919
426926
426923
426925
426918
426232
426233
426235
426237
426234
426236
426238
426231
426167
426169
426168
426166
426171
426172
426170
426165
425098
425101
425099
425103
425100
425102
425248
425247
417003
417002
414891
414893
414901
414899
414896
414900
414898
414892
414895
414897
414894
416508
416510
416515
416512
416517
416518
416516
416514
416507
416513
416511
416509
416064
416067
416061
416066
416069
416062
416063
416068
416065
425665
425660
425663
425664
425661
425668
425667
425662
425666
425659
416465
416473
416470
416467
416471
416474
416466
416472
416469
416468
425678
425673
425670
425677
425672
425676
425671
425669
425675
425674
416484
416478
416477
416479
416475
416482
416483
416476
416481
416480
416757
416752
416756
416755
416753
416754
