434626
434627
434628
434629
434630
434631
434632
434634
434633
426618
426617
426620
426619
426621
426622
426624
426623
426626
426625
432206
432207
432208
432209
431552
431553
431554
431555
431556
431557
431558
427075
427076
427077
431644
431645
431646
431647
431648
434621
434622
425242
425243
425244
425245
425246
425339
425340
425341
425342
426481
426482
426484
426486
426487
425334
425335
425336
425337
425338
424804
424805
431138
431139
431140
431141
431142
431143
431144
431145
431146
425503
425502
425505
425504
425507
425506
425508
425509
425510
431147
431148
431149
431150
431151
431152
432439
425356
425357
425358
425359
425360
425361
425362
