428480
428482
428481
430724
430725
428371
428372
428373
428434
421610
421612
421611
421693
421694
421623
421624
421622
421743
414282
414284
414283
418795
418796
414579
414580
414578
417453
428479
428477
428478
430722
430723
436360
428508
428374
428375
428376
428433
428435
421615
421613
421614
421691
421692
422963
421627
421626
421625
421742
426752
421741
417439
417441
417440
418793
418794
418296
417430
417431
417432
417454
417455
417456
428323
428324
428326
428325
432812
432813
432814
432815
432816
432828
432829
432830
428287
428285
428286
428283
428282
428284
430733
430731
430732
428301
428300
428302
428550
428549
428552
428551
428553
428560
428558
428559
428428
428366
428365
428367
428370
428368
428369
428507
428506
428281
428280
428423
428422
428424
428511
428512
428526
428527
428427
428425
428426
421583
421582
421581
421580
425577
425581
425580
425578
425579
425583
425582
425584
421634
421635
421636
426812
426811
426810
421638
421637
421639
421632
421633
421631
421683
421684
421687
421686
421685
421590
421589
421591
422729
421568
421569
421567
421571
421570
421572
421573
421574
421733
421732
421672
421674
421673
424952
424951
424950
424949
421675
421676
421677
414099
414100
418982
418981
414148
414147
414146
414150
414149
414151
419419
419418
419420
414133
414134
414137
414136
414135
414059
414060
414061
415253
414212
414213
414211
419396
419398
419397
414141
414140
414139
414138
416242
416244
416243
416325
416326
416324
428277
428279
428278
428483
428484
428485
428487
428486
428488
428547
428546
428329
428327
428328
428509
428548
428510
428378
428379
428377
428496
428494
428495
421584
421585
421586
421617
421618
421616
421619
421621
421620
421671
421670
421702
421703
421701
422967
422966
422964
422738
422842
421630
421629
421628
421588
421587
414126
414125
414127
414285
414287
414286
414288
414290
414289
414095
414094
414101
414102
414103
414123
414124
418297
413545
413615
414581
414583
414582
414215
414214
428555
428554
428557
428556
428273
428271
428272
428274
428275
428276
428542
428541
428543
428544
428545
428270
431700
428489
428431
428430
428429
428267
428269
428268
428540
428538
428539
428744
428421
428420
423789
423793
423790
423791
423792
423794
421696
421695
421697
421699
421698
421700
421665
421664
421669
421668
421667
427001
427686
419703
423733
423731
423732
421557
421558
421559
421653
421652
427010
419765
419764
414362
414360
414361
414359
414357
414358
414088
414090
414089
414092
414091
414093
418545
418544
414143
414144
414145
414096
414098
414097
414087
414086
414142
