428083
428084
428086
428085
421751
421752
421750
421749
437880
437881
437882
437883
438570
438571
438572
438573
438574
438575
438576
438577
438578
431363
431364
431365
431366
431368
431367
431370
431369
428562
428561
428563
428564
428565
428566
428825
430937
430938
430939
430940
430941
436783
428586
428587
428594
428588
428589
428590
428591
428592
428593
427542
427543
427544
423108
423109
423110
423114
423112
423111
423113
425343
425344
425345
425346
425347
425348
425349
424447
424448
424449
424452
424450
424451
419713
419714
419715
419716
419717
419720
419718
419719
413726
413728
413727
413730
413729
413731
414817
414816
414819
414818
414821
414820
414771
416766
416767
416768
416769
416770
416792
416793
416794
416795
416796
416797
416798
438359
438360
438603
438604
438605
438606
438607
429062
429063
429064
429066
429065
429067
429068
429069
429070
429071
428847
428848
428850
428849
428851
435450
435449
435451
435452
435454
435453
435455
420904
420903
420905
420907
420906
420908
420910
420909
420911
420912
419721
419722
419723
419724
419725
419726
425153
425148
425149
425150
425151
425152
425154
416419
416420
416421
416423
416422
416424
416426
416425
416427
416428
416429
417112
417113
417114
417115
417116
417117
418994
418996
418995
418998
418997
418999
419000
419001
