433234
433235
433236
433237
433238
433449
433450
433452
433453
35680-No Trims
432147
432148
432149
432146
427011
427012
427015
427016
427013
427014
427017
427018
427019
427020
427021
427250
427251
427252
427253
427826
427827
433627
433628
433629
433630
433631
433632
433633
433635
433634
433636
433637
433638
433639
433640
426820
426821
426822
426823
426824
424380
424381
424382
424383
424384
424385
424386
427811
424276
424277
424278
34544-No Trims
424759
424760
424761
424762
424763
424764
424765
424766
424767
424768
424770
424771
424772
424773
424774
424775
421208
421209
421210
421211
421212
421213
421214
421215
423053
423054
423055
423056
423057
423058
423059
423060
432062
429083
429084
429086
429085
425572
423003
423004
423005
423006
423007
423008
430877
430878
430879
430880
430881
432060
432061
35677-No Trims
425866
425867
425868
425870
425869
422273
422274
422275
422276
422277
422278
422279
425570
425571
34251-No Trims
428533
428534
428535
428536
428537
419662
419663
419664
419665
419666
