433951
433952
433953
433234
433235
433237
433238
433236
433452
433453
428708
428707
428709
428711
428710
428712
432137
432138
432139
432140
432136
432143
432145
432144
432141
432142
432147
432148
432149
432146
427011
427012
427015
427016
427014
427017
427018
427013
427019
427020
427021
427250
427251
427252
427253
427826
427827
433627
433629
433632
433633
433628
433635
433630
433634
433631
433637
433638
433636
433640
433639
426820
426822
426821
426824
426823
424381
424382
424383
424384
424380
424386
427811
424385
424276
424277
424278
421962
421964
421963
421967
421965
421966
424759
424760
424761
424762
424764
424766
424767
424768
424763
424765
424771
424773
424770
424772
424774
424775
421208
421211
421212
421215
421209
421210
421213
421214
423053
423054
423055
423056
423057
423058
423059
423060
432062
429083
429084
429086
429085
425572
423003
423004
423005
423006
423007
423008
430181
430182
430183
430180
430184
430877
430878
430881
430879
430880
432060
432061
428595
428596
428597
428598
425866
425867
425868
425870
425869
422274
422277
422278
422279
422273
422275
422276
425570
425571
419580
419579
419583
419581
419582
419584
419664
433952
433953
433449
433450
428533
428535
428534
428536
428537