433235
433236
433237
433234
433238
433449
433450
433452
433453
428709
428710
428708
428711
428712
428707
432149
432147
432148
432146
427013
427011
427014
427020
427017
427019
427021
427015
427012
427018
427016
427252
427250
427251
427253
427826
427827
433638
433633
433627
433640
433631
433634
433636
433637
433630
433629
433639
433632
433635
433628
426820
426821
426823
426824
426822
424384
424383
424382
424380
424381
424386
424385
427811
424276
424278
424277
421965
421964
421963
421962
421967
421966
424767
424760
424759
424764
424761
424763
424762
424768
424765
424766
424772
424770
424773
424771
424775
424774
421208
421210
421213
421215
421211
421214
421209
421212
423059
423055
423060
423057
423058
423056
423054
423053
432062
429086
429085
429083
429084
425572
423004
423008
423007
423006
423003
423005
430881
430880
430877
430878
430879
432060
432061
428597
428595
428598
428596
425868
425867
425866
425870
425869
422276
422279
422274
422277
422278
422275
422273
425570
425571
419582
419580
419581
419579
419584
419583
428536
428534
428537
428535
428533
419666
419664
419663
419665
419662
