426619
426618
426622
426620
426621
426617
426623
426625
426626
426624
432208
432209
432206
432207
431552
431558
431553
431555
431557
431554
431556
427076
427077
427075
431648
431647
431646
431644
431645
425245
425244
425242
425246
425243
425339
425342
425341
425340
426483
426487
426484
426481
426486
426482
426485
425338
425335
425336
425334
425337
424805
424804
431140
431145
431139
431142
431138
431141
431144
431146
431143
425508
425506
425504
425505
425502
425510
425509
425503
425507
432439
431151
431149
431147
431150
431152
431148
425362
425356
425361
425358
425359
425357
425360
