426621
426618
426619
426617
426620
426622
426625
426623
426624
426626
432208
432207
432206
432209
431553
431556
431552
431554
431558
431555
431557
427077
427075
427076
431645
431647
431644
431646
431648
425245
425244
425243
425246
425242
425341
425340
425342
425339
426482
426487
426484
426486
426481
426485
426483
425337
425338
425334
425335
425336
424805
424804
431139
431143
431146
431145
431138
431142
431144
431141
431140
425507
425510
425509
425505
425503
425506
425508
425504
425502
431148
432439
431147
431152
431151
431149
431150
425356
425359
425362
425358
425357
425360
425361
