433234
433237
433238
433236
433235
433449
433450
433453
433452
428711
428710
428708
428707
428709
428712
432149
432147
432148
432146
427020
427013
427021
427011
427019
427018
427012
427017
427015
427016
427014
427252
427250
427251
427253
427826
427827
433637
433627
433640
433636
433638
433631
433634
433633
433635
433632
433630
433639
433629
433628
426824
426823
426820
426822
426821
424383
424380
424384
424381
424382
427811
424386
424385
424278
424277
424276
421963
421962
421967
421966
421964
421965
424760
424767
424759
424765
424762
424764
424763
424761
424768
424766
424772
424770
424773
424771
424775
424774
423057
423054
423056
423059
423058
423055
423053
423060
432062
429083
429084
429086
429085
425572
423004
423008
423007
423005
423006
423003
430881
430877
430878
430879
430880
432060
432061
428595
428597
428598
428596
425870
425866
425869
425868
425867
422273
422274
422279
422276
422278
422275
422277
425570
425571
419582
419584
419580
419581
419579
419583
428537
428534
428535
428536
428533
419663
419666
419665
419662
419664
