428086
428083
428085
428084
431365
431364
431368
431363
431370
431369
431366
431367
428566
428825
428562
428561
428565
428563
428564
430939
430940
430937
430941
430938
430936
428593
428594
428591
428588
428590
428587
428592
428589
428586
427544
427543
427542
423109
423114
423111
423108
423113
423112
423110
425343
425349
425344
425348
425347
425345
425346
424449
424450
424452
424451
424447
424448
419719
419713
419720
419717
419716
419714
419715
419718
429069
429064
429062
429065
429063
429067
429071
429068
429066
429070
428849
428848
428850
428851
428847
420904
420907
420910
420909
420911
420906
420912
420903
420908
420905
419725
419724
419723
419726
419721
419722
425149
425154
425152
425150
425151
425148
425153
