426620
426619
426621
426618
426617
426622
426625
426626
426624
426623
418763
418764
418759
418760
418766
418765
418761
418762
418786
418783
418782
418784
418785
418787
427077
427076
427075
425244
425245
425246
425242
425243
425341
425339
425342
425340
426484
426483
426487
426482
426481
426486
426485
425335
425337
425334
425336
425338
424804
424805
416489
416490
416488
416487
416486
416365
416364
416362
416363
416361
416360
415842
421593
421592
415840
421596
415837
415843
421598
421597
421595
415844
415836
421599
415839
421594
415841
415838
421576
415424
415425
415421
421578
421579
415422
415423
421575
421577
415426
425505
425506
425510
425507
425504
425502
425503
425509
425508
416864
416865
416870
416862
416861
416868
416867
416863
416869
416866
425361
425362
425359
425360
425358
425356
425357
416519
416521
416524
416527
416520
416522
416526
416523
416525
416761
416764
416765
416762
416763
